1000 5
-0.1206294969 -1.4916011441 0.9889053915 1.7088235114 -0.3518581160
-0.6469536395 1.5063931732 2.0796793769 -1.0789040689 -0.6102273296
1.5171762979 1.2292808810 -1.6016582874 -1.6533640723 0.3323880861
3.0082031244 0.4210220076 -2.0007390949 1.5636399260 0.0911102072
2.0291171068 -0.5956070299 -1.7117010893 -0.0264935412 -1.7303915487
1.4222092726 -0.7954182929 -0.3622268104 0.5268727461 -0.8291749023
0.8214410604 2.3719415687 -1.1832476728 0.5518236878 1.4108534517
-0.8610542076 -3.0915293666 0.4220069209 0.4990332121 -1.1185336674
-0.9725060621 2.2435500812 -0.0320882769 -1.3102799275 0.8247955368
1.1558681301 -3.1710080662 -2.0439534707 0.8774187754 0.5372477571
0.6716008847 0.7862337875 2.5702663318 -0.7147302069 -0.7980356727
5.1247905286 2.9326925828 -0.4381701515 0.0313956932 0.4926566955
1.9688504354 -0.9460077504 -1.6201649393 -2.2627469801 0.0577115244
1.8916623167 1.1614731196 1.5376523360 -1.0867033346 2.8398657676
-1.5829629829 1.1849116893 -1.3290585864 -0.6168986821 0.1360269509
0.2745967373 -4.2605926086 -0.9908410854 1.1663998176 -0.9821642943
0.0595730922 1.6378195928 0.0504200736 -3.0334121862 1.6825866118
3.1621065849 -1.1593369362 -1.7321996157 -1.0621799021 2.5352598824
2.4414963064 0.1576695266 -0.0696588446 -1.8077553145 2.9205738481
-0.7427329827 -0.0821260541 1.3188001652 -0.5573228355 2.5949921640
-4.0190131762 0.0770229786 0.9296113108 0.3015437808 -1.5564284634
0.7191749104 -0.4732630000 -3.6694542567 0.4017482452 -1.2139748578
1.2398621660 -2.7718585172 -0.9706105865 -1.7143455787 -0.3641769934
5.3113163126 1.8456286497 -0.0387071955 -0.2961443561 0.0392495956
5.3519314495 3.9064257834 -2.4244119647 -1.6836484129 0.5105061576
2.5788153204 -1.6213506704 -2.0055647347 -1.2421193691 0.8561098194
0.7787388825 -0.0085873247 0.4851269311 -0.1773160345 1.0636451111
1.2664952232 1.8162414711 -0.2146323076 0.5072338013 -0.3927685385
2.6486717629 1.7282844227 -0.3229792268 1.1796844973 0.1712994630
-1.1176004431 -0.9726297923 0.0983137571 0.4169869098 -1.6383242229
-0.8569384161 1.7303129876 2.4250750159 0.7485804742 0.0634236196
0.4509861102 -0.0073202711 1.2801770255 -2.7158748253 -0.7790932562
4.0428075116 2.8994257370 -1.1954116980 -2.4092704343 1.8085828017
4.8625013694 -0.8626519452 -2.1551305142 0.0567030022 1.6058495347
1.6904614001 -0.1821474865 -0.2779093508 -0.1159941460 0.1321140918
0.6753974434 1.4797026545 -0.3235623557 -0.4705621189 1.3419612213
-0.8334911055 -1.0256105680 -1.5036891133 1.1332567512 -0.4696383797
-1.1838462408 -1.2741989374 -0.5376763964 0.4301892510 0.6130762445
-2.5826403099 -2.1981270449 1.5255138497 -0.0623154161 -0.1112738307
-0.1560514410 3.4457749414 0.8561584623 -1.3217685440 -1.3782284877
4.0903278170 0.8281220624 -3.7586123578 -0.0913385972 0.4175840785
0.7579198708 -2.0096032943 -0.8432913811 0.1843897822 -0.2280951225
3.9983347816 2.3403091940 -1.2428490656 1.8587014791 2.1245325125
-2.5867493362 -2.9726958962 -0.6354663068 0.9263344055 -1.1857544462
-2.8254102763 -1.4179446341 0.7935871773 -0.2959311969 0.5055052768
-1.0832563036 -1.4775349361 -0.9997435104 -1.0499393270 -0.1704783120
1.5110534070 -1.1623964416 0.2606101139 -0.1631355782 2.0095534919
-0.0839590641 0.0880662223 1.1621196212 -0.0511382101 -0.0070862461
1.9791269809 1.5882271802 0.9579779910 -1.7335773981 1.7157672461
-0.2879089831 2.0446026211 0.2632154584 -1.4849823142 1.1199085510
0.5222455609 -0.1217882372 -1.7675544470 -0.4077068291 0.0215825830
-0.1069776368 -0.5686511400 -1.6118133219 0.0204286009 -1.5386387422
4.2560994914 -0.5791624060 -2.3776388795 1.3912119806 -2.9087635380
3.9052274827 0.5791190549 0.2539467382 -0.8187307869 -0.7030384802
1.4890164878 2.1864907219 -0.0224665457 1.2054515053 2.3999220439
-4.0891136056 0.3363931319 -0.0885150888 -1.8657784458 -3.0607015356
6.0166497956 -0.8687100196 -1.9130879143 1.0205219364 1.6007252833
-2.0504335544 0.0493334601 1.6603871585 -0.5531636948 0.9852688446
-3.0544130812 -1.1001756179 0.3583118985 -1.3403611804 1.6650016310
-2.0591221778 -0.2775065298 0.0198686828 -0.3438012036 1.7075697619
0.3050668854 -2.0751724943 0.2897597358 1.7420147648 -1.2669433754
-0.0629624794 2.3159796740 -1.6273292104 -0.0920558383 -1.9353685881
2.0173109976 -2.3323222681 -1.3493801816 2.4642706380 -0.4620036101
-4.4762257102 -0.9917704244 1.8020694488 -1.0406924774 -1.3843800064
-1.1606864189 1.3545480414 -0.1760428702 1.0138342562 2.3073056761
-3.4403118797 -0.6337653393 0.2157580572 0.3547913817 -2.0576365712
2.0730848157 -0.5149482224 -0.5780835470 0.9788334114 -0.8054233698
-2.6839515585 0.2440257679 -0.8087555538 -0.9966015074 -0.6662428897
2.1813126003 -1.7381562263 0.1697008233 1.1371322212 0.9961091538
1.3641245222 0.7856262091 0.3122756696 0.6965714956 -0.4630057950
-0.3729069733 1.1493141770 0.5357148790 -0.2230042464 -0.5332114624
-0.8491593570 -2.5530536219 1.4370875261 -0.8963623826 -0.5593023339
-1.4523726109 2.6742920854 2.2988742716 -1.7201402190 0.8590310150
2.7460478781 1.6749542637 -1.0872291857 0.4161057061 0.0336634610
2.2084152989 1.1028493080 -0.1529242269 0.7784193177 1.9604485571
-2.6353970888 -0.5773233231 -0.6886925089 -0.2224114000 -2.2987008223
2.5471464263 -1.0692678139 -1.6699334897 0.8283273834 1.1963364835
-3.7218971995 -1.3152308254 1.2695644169 -0.0998742178 0.5737466262
-1.8833801541 -0.6603003918 1.0208539839 2.3878775530 0.9063778465
-5.3968645462 -1.4914377312 1.0089413645 -0.4003287940 -3.9118688078
2.6696334147 -0.7561735468 0.5194572184 -0.4813495355 -0.4076846322
1.3689366179 5.6115109267 -0.5926545893 -1.5500910808 0.9731736223
1.5015226758 -0.8065813717 -1.5739648221 0.6155394860 1.0893102479
-1.0759393691 -1.3917913022 1.0324489342 -1.1193555942 1.3172281148
-0.2709577342 1.6471015621 0.4056749313 -1.5680262681 0.8638019321
2.8376718650 -1.8025515246 0.3952979233 -1.7769371804 0.8564513622
2.0215830095 2.9565761183 0.2147725999 -0.7416541392 0.6926183959
0.8092377143 0.3808706754 -2.4344180872 -0.8334500556 0.4546477468
1.2716308639 -2.4703917083 -0.0136453089 0.1671176345 -0.1915180428
2.9472930611 2.6513292198 1.4632898110 -0.4645997189 0.5081535770
0.9901583822 0.2374777219 1.7842862916 -0.7769712558 2.3432777747
-4.0293181123 2.4175670637 2.8778258061 -1.4221785402 3.1208305039
-4.2274785774 -1.5216750586 2.4426957258 0.0886221334 0.3951196679
-3.2584223619 1.1606804363 1.8865103683 -0.6335332401 -1.4448627070
0.5319925482 2.3614885276 0.4115029504 -1.1113236276 1.7346298813
-1.7864803842 -0.3793781555 1.2464692816 0.0539975920 1.0010655533
-1.0729781352 -0.2344242471 -0.4523536454 -0.6683371525 1.9556165587
-1.0833715150 -3.3126845676 0.3169848288 0.2508826929 0.7969505772
-0.6387374398 -0.4402791644 1.6262414348 -0.2041842309 1.8000417581
-1.9001649004 -1.0308804097 0.3780764955 -0.4572541666 -0.1697381799
0.6408050351 -0.1652909865 0.2370347834 -3.8814079316 -1.1455570236
6.2536185821 1.2829505529 -2.8326803696 0.0035716674 4.6688711349
-3.5681598664 -1.3409796287 1.5742089323 -0.4721477324 1.9646751695
-1.3682600462 -1.1718306003 0.5494321206 -0.9144600880 -0.2676997315
1.7393335764 2.2296589336 1.0724128304 0.6340301379 2.4269252786
-2.5391711417 -0.3641737530 1.2960174625 -0.5908761198 -2.2327030136
1.4126165422 1.9210333751 2.2257389229 -0.8901831142 -0.2083070102
2.2554919763 2.1247567373 -1.0310455226 -0.1623815489 0.7289159218
-0.5911530546 -2.0346048400 0.7704127825 0.0838915064 -0.0335744977
-0.9602154524 0.6243726103 0.7209849561 -2.1188094962 2.1162609737
-0.2813721297 1.5092772589 0.3978924386 0.1013801212 0.6543264575
2.4324875778 -0.2913571509 -0.1858252123 0.8140680390 0.8761219665
-4.8052524937 1.5654166761 -0.3566923933 0.4734856047 0.3378016641
-4.2165915022 -4.2190729059 -0.1323841934 0.6959487335 -2.7466813788
0.0896172044 0.6638050230 -0.6843998902 1.2706971536 0.4038474014
-2.9303241866 0.7063213834 -0.8790995468 -0.0539912396 -1.4460587803
1.8892006781 -0.9804385374 -1.8080117804 2.1966991265 -1.6123848996
0.2967514850 0.2673701710 -0.1676049434 0.7950076853 -0.7126701066
-1.2072630977 -1.0743984841 0.5983561332 -0.5757310526 -0.1105111484
-0.1829421753 1.1780085651 -0.2620082412 -0.4668970216 1.2934311808
-1.6838329195 -1.5035527391 1.4860780315 0.8229699065 -0.5094377081
-2.9231322443 1.8105697373 -0.2054299750 -0.4233955885 0.0258208212
-1.9067359051 -2.5855405136 0.0918401362 2.1931371517 2.3844734332
-5.4402897573 -0.9556579956 2.9061880650 0.0847565410 -1.3663545573
1.4501849324 0.2812776623 0.4327016888 -0.8236578773 -0.2168856912
1.1605849021 1.1746014921 -0.5949158428 -0.1877235089 -0.8789030437
1.5333424608 1.1040888723 -0.3510147621 1.2630822313 0.7049554754
-2.3900620265 -2.1701661577 -1.2222830642 -1.4228858786 -3.1150622079
5.6340703837 1.7260398522 -0.4482126658 1.2846268715 2.4963430338
-0.1440813273 -0.1097949577 1.3127995683 -0.4391655926 0.0959262072
-0.4779793960 1.6979742707 1.0786105298 -2.1806283674 1.4846409773
1.3920637818 0.5040655324 0.1230815496 0.1183090098 -1.0776235131
2.8669186788 1.6782977835 0.9716068145 1.0309053779 -1.5123047626
0.0290057752 1.0439672642 -0.7373978389 -1.2343027096 -0.7879231197
0.2475437110 -0.5263805254 0.0781046090 1.5853624703 1.0199798697
-3.1575762674 -1.8490652711 0.1404520500 0.1070744300 -2.4554653524
1.4658392715 -0.3965453272 -0.4808964870 0.3636772147 1.4742856838
-1.1809676236 -0.7466499115 1.5581429612 1.1730350904 0.0776919665
-2.6065630505 0.2324801528 -2.1687739985 0.2082837660 -0.0492956442
-2.4188103381 -4.4953908319 0.7487777914 -0.2917095453 0.1139883438
0.5683438526 2.3593619810 0.4822720632 -1.4256258264 1.5695363764
1.7158914473 0.4660324527 -1.3516280714 -0.6876084732 -1.5032518346
4.5679571529 -0.3109917957 -1.8508704069 1.6489524553 0.0624109366
-0.2082531439 -0.2017705882 2.0473989556 -0.9926488037 0.2976228712
-0.7497182283 1.8706111441 -1.1474812469 1.6873156160 0.0462303625
-2.6724657988 -1.4048068213 0.6034569951 0.8065688528 -0.0139667769
-2.4845967569 -2.0415728471 0.0138841548 0.2707537491 -0.0861532243
-0.3032806566 0.1380835998 1.0127089807 0.6104960517 0.1881790666
0.0453472890 -0.5833394161 0.2202862782 0.0953719533 -0.8962199154
-1.9011308897 -0.5939829281 0.7092933846 -1.0123159674 0.7558895579
0.5521644167 -0.5682120566 0.3712970339 -0.1186566531 0.8591451282
0.8093971272 0.3825853434 1.1577699501 -1.1173283006 -0.2662818552
0.9522786114 1.4690692201 1.2594055367 1.3506824972 -0.3340122684
-0.5632078285 2.6575020784 -0.0573420791 0.8860635347 -0.5139948274
-1.7984567417 0.0639740380 -0.8880204646 0.4598336957 -1.8737121462
1.1314611501 -1.8428402278 -3.0718477976 1.1148938062 0.8862875651
-4.4566976613 -2.7500656276 1.1347434401 -0.2405020327 0.8529860703
-1.5443281363 -1.5006749767 1.2931994883 0.4901865809 -1.0783346363
0.7799271073 2.4273095778 -0.1221405020 0.3043314730 -0.6699333389
0.6657418389 -0.7865479286 -1.4512243063 -1.2460310845 -2.5979888912
6.8150226721 -0.5805001225 -0.8044202040 0.0458235712 0.9270653788
3.1570304628 3.3825383736 1.4745746102 -1.6060293643 0.3064995988
2.0772184917 1.8746341799 -0.1810080936 -2.4687001833 -0.3953895221
2.3757073229 3.1230059905 -1.9439757929 0.9148323640 1.6770881952
0.5646346446 -0.9297365677 -1.0045807398 1.4733959419 -1.0456886605
-0.2695855380 0.2530945553 -0.6788370561 -0.4221118616 -1.8261008528
2.4014291797 1.5113697448 -0.8002172094 -0.0623915063 -0.7525070261
1.4160479099 0.6839187118 0.3188352539 0.9214647836 0.7729920415
-4.3488900271 -0.3236131651 -0.9245608984 -1.1216014301 -0.6919283540
1.3794993336 -2.3545527737 -0.4863988104 1.3347607732 1.3806909061
-0.8293344999 -0.4725025512 1.0726473830 -0.7415775843 -1.8186845527
2.3339884520 2.2759160554 0.8790827383 1.3251839150 -0.6616643495
-1.1588740460 1.3829676027 0.1117337183 0.1829990036 -1.0515879531
-1.3309308126 -1.2987387906 0.1668396575 0.4065689967 -0.3736927510
-0.7299667538 0.0059504651 0.7920127088 0.3084107656 -0.2876713386
0.5695823456 1.2130132553 0.0609595620 0.8136320212 0.7813482180
-2.2375994357 -0.3657286283 -0.3784340096 -1.6962355421 -2.2477350803
4.8525638008 0.3589938042 -2.4244041519 0.9887005252 0.6449656886
1.3068878308 -0.8307421055 -1.3869397124 -2.1159395042 -2.0306941539
5.1343107130 2.4477196235 -2.4625698599 -0.0218535707 1.8482271694
1.8158655095 -1.8500857867 -2.5154626263 1.3780553542 0.4171008841
-1.2468532791 -2.0837849519 -2.2335773641 -0.7301546447 -1.9321194019
2.6953153265 -0.3821300690 -1.0954706973 0.6166367921 1.6769397406
-1.3883705857 0.5616566446 -0.0996905779 0.6542478221 0.3934334921
-0.1115606530 -3.1285166475 -1.8718555924 0.1741639613 -0.3070383516
-1.1880532252 -0.1373735523 1.0017075256 -0.7060935095 1.4197232393
-1.8479545078 0.1437578597 -0.4075885086 -0.0408954428 -1.2782069931
1.5513652239 0.0280327255 -2.1039285337 1.2707993482 0.2462259989
-2.2499567661 -2.1491836459 -0.3767394132 -0.5202521361 -0.2419002152
-0.4417344331 -0.0083339620 -0.4403413969 -1.2558065531 1.3648554676
0.3981224548 -0.8210841950 -0.7655780673 -0.5508871329 2.1563500503
-1.5025906716 -1.7528298249 -1.7034660536 -0.6806257044 -0.2847243843
2.9716568024 -2.3096640337 -0.9906637981 -0.9133946631 1.4832633069
1.0627118243 0.2913234296 -1.6991916516 -0.2048586323 2.5694670103
-3.6640208660 -2.4809619265 0.2988548842 0.1206490455 0.1534228684
-1.6957039508 -0.2521940384 0.3779323603 0.1152487749 0.9102098714
-1.4121427678 0.5973759140 0.7719117979 0.7363423222 0.0129360134
-0.7077451020 0.9475852420 0.3694719664 0.5939948904 -0.7779259296
-0.1338495511 0.1627243467 -1.9981260073 2.0778331674 -0.8916234892
-2.5622907195 -2.8790831510 0.2806842998 -1.6312051993 -1.1956387627
1.4243613870 0.8464301557 -1.1162460707 -1.1487965879 1.6193716907
1.6385608078 -2.0036751651 -1.1719940331 1.4326024633 2.2296917305
-4.8127969717 -0.5566308308 2.9187092097 -0.1152123853 -0.3191394595
-1.2867878387 1.4129639830 0.5295112339 0.8951952249 -1.6387403580
2.2335425978 1.3009479835 1.2128677792 0.1340194874 -1.6667800305
1.9510215261 1.7655472792 -0.8210155552 0.1072675381 -0.9052788787
1.9297711123 0.5870413105 1.6671082695 0.0331013938 0.7869165906
-0.9833085203 1.7832861949 0.0723740136 -1.2767613238 -0.3282648897
-1.7298502837 -0.6893498885 -0.4533113716 0.2478586891 -2.1657246643
2.6588350756 0.2091514298 -0.8798108133 1.4050248446 0.2831170574
1.4840555760 -0.9635132469 -0.1279781011 -1.0762119829 -0.8929868032
3.2822173632 2.2085353907 -0.3314755216 -0.5612925864 1.1201554048
1.6903741273 0.7227536947 -0.1358715875 -0.3695440743 1.5922486108
-0.7400539087 -1.7490561441 1.8283620676 -0.2310346243 0.7720754244
-1.7444206375 0.2770963005 2.0784453236 -0.7529722391 -0.6562322736
0.3368418918 1.6227379346 1.6591398924 -0.5654175380 1.0556062577
0.4520055054 -2.0815429632 0.7277036572 -1.0952964939 0.7574142848
-0.6427827518 1.5676476206 1.5126598773 -1.5416786394 1.2149898820
0.2944656840 0.6441002500 -0.0931754872 0.7772095953 1.5970662012
-3.7563741511 -2.0244962119 -0.9486332817 0.5395660634 -0.4809989322
-2.5243709424 -1.4007135197 -1.3838814242 2.0007303972 -0.6190448361
-0.5783622026 -3.1197069151 -0.8630175897 -0.6860487045 -1.3833331165
1.8679259143 0.2342700026 -0.8850870070 -1.6720872650 0.2474909305
2.5273004212 0.0989628661 -0.3375718415 -0.0032708017 0.6474256140
0.5139034717 0.1207341568 0.0471067560 -0.0824938489 1.0267056819
-1.0965001962 -1.8196599589 1.3645177454 -0.3822352566 0.1603888644
0.1974319527 2.6752213404 2.1992224733 -0.3092037852 0.6562338676
1.7111822242 1.3045920507 0.6261073272 0.8713326605 -0.8632169709
-1.9430546908 1.0245910779 -1.1281750746 0.0420797200 -0.4174186053
-3.3164484926 -2.0512254168 0.4199575774 0.8894362494 -1.6405687454
0.9257656052 -1.1096222959 -0.6852849113 0.9158008472 0.1668471959
-2.1267410578 0.0657405644 -0.8106951191 -0.8931368984 -2.0281662926
6.1138050074 -1.2442207822 -0.3414695621 -0.5725259672 0.9300101793
1.9136811659 6.3805385922 -0.8946561892 -2.8365111869 -0.7675098442
6.5524295957 -0.3058703412 -4.2164890014 2.4963667470 0.9507295206
-4.1205787894 0.2831184013 -1.2456798469 -0.9673510973 -1.1695095222
-0.6075818212 -2.0993257023 -3.2924792096 0.1002731383 0.7947917482
-0.8218351144 -2.9512618271 -0.7451995054 0.6776274606 0.7329871286
0.9310413373 -0.5145432034 0.7038630832 -0.6490862504 -1.0259035126
4.2111647561 2.2277798596 -2.3186242373 -1.3935021831 -0.3442562439
3.9447796114 -0.0266647965 -2.7096171055 -0.2402350872 1.2752321316
0.2050527662 -0.9454877456 -0.3530259144 0.4186796848 -0.3200810566
0.3946225854 1.0321599863 0.3514099307 0.3713149808 -0.2589865540
-0.2830339117 0.1806596622 0.8683557290 1.2873711416 -0.2004983829
-2.8406702944 -0.4088709804 0.7369063651 -1.0154110533 0.1662813058
-1.4604939870 0.1198718273 0.0461440209 -0.7968863183 1.9118086525
-1.4923479080 0.9873171093 1.2156614374 0.9783685994 1.1027603183
-1.1465404268 -1.3956006986 -0.4686155103 -0.1450013167 -2.9919382840
3.3651405747 0.5843605315 1.0103176034 1.0014444805 1.7150116587
-3.3030398325 2.3180018341 1.3703649287 -0.4858342716 -1.1918394413
0.9622738711 -0.7939564715 0.5725733245 0.1239332874 -1.8926824701
1.0522321268 2.9607439893 -0.9259272507 -3.0096597475 -0.4993400173
4.5484932742 0.1745723855 -0.4495526714 0.4410955344 2.1372876680
-0.2093414007 0.1519682291 1.4622284500 -0.4005338000 0.1470933041
-0.0944725714 1.7445272035 0.6621229446 -0.5195072897 -0.1412540570
3.4549137007 0.7072083284 -1.1699243398 -2.2520392125 -0.6426550643
4.8697242996 1.7612411034 -2.2503715357 0.3622201587 1.4303753494
-0.5926873756 -1.8988544568 0.6316764227 -0.8611543159 -1.6416430970
2.3539897342 4.7921216032 2.0952675292 0.4709328469 2.7293313159
-1.5260138512 0.3887179179 -0.3093535524 0.0100919478 -1.0099030028
-0.0276654722 0.4624101672 -1.3480095936 -0.5632933483 -1.5098115095
4.1638069483 -0.5706036671 0.2010713074 0.7961766300 0.4573707780
-0.0557481732 1.6359115055 -0.2570913019 0.5809469688 0.7051479499
-4.3328925564 -1.1149983523 1.4347746617 0.2922821755 -0.8763833321
0.9132876160 0.1438456951 -0.1200461941 0.8593115654 -0.9122260353
1.5757039865 1.6074053728 -3.0892014855 -0.3836278043 -0.8293921870
0.5526203208 -3.1389614262 -1.2767432631 1.6434543906 -1.1463550432
-0.2416522139 -0.3937072002 -0.1385775681 1.2184900694 -0.1012480476
-1.4617035137 0.0670991898 2.0619323188 0.0239143080 -0.0519121903
0.8767481700 1.5951053478 1.9728268748 -0.1234975687 0.2549220901
-2.7299664933 2.3072650346 -0.3942551232 -0.5287105893 -0.1491678203
-3.2739113853 -3.8804815401 0.0056056403 0.4301391597 -0.2968021546
-1.3601415451 1.2457774495 0.1761828625 -0.5947316307 1.2118762151
1.2465310673 -0.5187239272 0.5190464024 -0.0995050101 -0.6161850653
1.5114838429 2.2978454219 -1.5212263631 0.4014737422 0.0916583312
-1.4774007759 -1.6457992358 0.3911698486 0.0959134593 -0.4356685725
-0.9516221153 2.8242821246 -0.5429350487 2.6087638178 -1.9828872339
1.7902346720 -2.2386325220 -2.0293689473 1.2393794570 -1.9724323903
-0.5635624178 0.5162869025 1.4604063739 0.4091071388 1.5595592671
-1.9286045244 0.3388792198 2.1410496096 -0.5144969943 -1.2713670351
2.8703698734 3.5786214565 -0.0774470525 0.2518314296 0.5018014309
-0.6799714975 -1.3247180312 0.9480518685 1.0013607450 -1.6881934212
-0.7850422158 0.7007330247 1.3633776664 -1.3259591396 -0.8200983686
2.5819218268 4.1942854025 -0.6762735731 0.4955852687 2.1146459293
-2.8496937432 -3.6060092769 -0.0746326192 -0.8866142393 -2.0708898867
-0.7358391133 1.0585833059 1.8813583894 0.5576669708 0.3692569701
0.1659288049 1.2427053440 -0.7831553211 -0.3496613381 -0.1949676235
0.5869482060 -0.6752209523 -0.4307858404 -0.3369688879 -0.9034647190
3.1332377385 0.5516937190 -2.3125567424 0.3404862266 1.2574396307
-0.2506450604 -1.7902587613 -1.1578234567 -0.0620600153 0.0300442698
1.9451387678 -0.4036447920 -0.3020594710 0.6006814243 1.6167402401
-1.4516052564 0.9191394582 -1.6171762298 0.4126367974 -0.0264153950
-2.4141580740 -2.8914610768 -0.3818770865 -0.7144142680 -0.8077051389
0.5757548780 -0.1297741658 -0.5806301761 0.0252176200 2.0454516228
-3.1591213472 0.3368488917 1.2510556230 -0.5471251441 2.5350894907
-5.7466617956 -2.4163207431 0.7625540392 0.4208661684 0.1889292441
-3.9062443701 -1.6060428295 0.4418144123 -0.6700108801 -0.0874820095
0.2117804338 -0.4395939585 -1.4885949767 0.1830119253 0.3740350777
1.9266502819 -1.4552507477 -1.5444161752 2.3604064205 0.3839773551
-3.1369993559 -0.1676633540 2.5934027050 -0.0006227341 0.8724842783
-2.6824233407 0.6158646360 0.7137196981 -1.2994080826 -0.0758202687
1.2257548808 1.5252528421 -0.1812773005 -1.1114353233 1.3148371167
-0.2473532988 0.2667698196 -0.5528234743 0.3432686309 -0.4453632187
-0.4487879774 -0.3245064733 -0.9558748492 1.6449757285 0.7763643945
-4.1382169598 -3.3809044898 -0.1251454332 -1.4268167053 -1.7971696072
1.7468498187 1.1730407043 -0.9315572952 0.5458561074 0.9701024464
0.6373684350 -1.7387974670 -1.6223077645 1.0802343720 -1.3134875531
0.0439558657 -1.5757088668 -1.6909155760 0.6010008581 0.1651938240
-0.9381252620 -0.0422507119 0.6713504535 0.9701562952 0.2212458528
-1.1869392263 -0.3810940921 0.1518933606 1.7005519595 -1.5093178480
-1.1121260906 1.3207776596 0.8266467028 0.1439894969 -0.2278954116
-1.1038387558 0.3419320056 -0.4647852528 1.1637004607 -2.0105654517
-0.5872555677 0.5626503592 0.3692790582 1.6409222872 -3.0466388155
1.4422746274 0.1150300874 -1.8032180229 0.9403169839 -1.2570935377
-0.2107069827 0.0046423935 0.4632022732 -0.5356078453 0.7873299367
-0.8612085882 0.0740068036 0.6532671723 -0.4410931698 -0.7413567940
0.8013370611 0.5560052654 0.0390694638 -0.2461355167 1.0876932594
-1.6906308648 1.2611961273 1.4135200858 1.9295731258 -0.1530469932
-1.7824335621 0.4251998491 0.5149978755 -0.1105519403 -2.0205915803
3.1305684169 -0.5782993815 -2.7904265521 -0.3964248913 0.7988970388
1.6685168927 -1.5428001533 0.4305088985 -2.2025859963 0.4690442644
4.7833858519 1.3747705740 -0.7811538780 0.7775341506 3.2976134273
-3.5180225248 -1.7487916994 1.9684474957 -1.0061511733 -1.7523214232
0.3071115280 2.2617965543 0.5267451022 -0.3344838305 1.9444883685
-1.6142453071 -0.9767909913 0.2042468762 -0.1366657597 -0.0569747288
1.2583013654 1.2066156862 1.4460499710 -1.6610277738 -1.2046336610
4.9291154772 2.9206478976 -0.9309939174 1.2304873104 0.5557254645
-1.7209625858 -0.2116741481 -0.0072217647 0.2495350460 -1.2370508621
0.2453245221 -0.6508870852 0.6395016231 -1.7624759675 -0.2094415993
4.5092710981 3.0050524447 1.1304844715 0.0154377448 0.2813241793
2.7665223736 1.9091112153 -0.5784147526 1.0829438222 -0.3646086655
-2.7927476309 0.4152336418 1.4484253475 -0.9448054965 -1.2337982561
1.1099769269 -0.3694135481 -1.5606324943 -0.0121716642 -0.3689375896
0.2866841307 -1.5089858996 -0.6118187151 -0.1434313949 0.2822222660
-0.6037797455 -1.6841756290 0.1409401835 -2.0672934867 2.8825416812
-1.2749473580 -0.6870019417 0.7015984974 0.3572605344 3.2841395924
-2.5692132891 -2.1470268877 4.0899268627 -0.5708438317 0.3490731474
-1.8913991626 3.0177974041 1.4003997101 -2.5139557784 0.8999392238
0.1626502076 -0.6314663407 0.3333637555 -0.2052099579 2.2806846592
-1.4963964242 1.1219935631 2.7440359162 -0.6142722332 -0.0388151003
1.7201206219 0.4016606729 -0.2063076296 0.0161289317 -0.5769857600
-0.5801707877 3.1831331882 1.3546211421 -0.3289795786 0.0351827457
-0.3781111073 -0.6506064503 0.1687459472 -0.1841063628 -1.6276216286
-0.8894719633 -0.0937420808 -1.0389740717 1.2165132860 0.6416053801
-3.2456173218 -1.8496684471 1.6234987367 -0.9621468688 0.0509986261
0.0572714700 -0.0591604785 0.9805581537 -0.9560189763 0.6676068942
-0.5521995072 2.0581264863 -0.1517402487 0.3406839283 1.1195423803
-2.3525146305 -1.7179415774 0.0381261395 0.5285594053 -1.1492676825
-0.6199768062 1.0794361305 -0.3626069622 0.5282511211 0.4781994551
-1.3523048827 -1.5247458647 0.0816323414 0.3177394338 -1.6112920687
0.4231644285 -0.4515864655 -0.7375629473 1.0801679777 1.4716131285
-2.5271307396 -2.3922821783 1.0139678865 -1.1974249916 0.5197897298
1.0757815776 -0.1429862409 0.0472814749 -0.6459896135 1.2545518067
-0.3225425355 1.5041361029 -0.8889446840 -0.0063505757 1.0016254736
-0.1898075096 -2.3108319720 -1.2726008342 1.5906621834 0.2452019728
-0.7425085277 -1.5557894628 0.3681618308 0.1438420054 -1.3694981777
1.3977305203 1.6458572476 -0.0924990157 1.8904438004 2.5232234785
-5.3997610640 -1.6534226616 1.5346478926 -0.5888493924 -3.4472105199
4.7761829477 1.0485265567 -1.4109646692 0.6049343418 0.4004690765
-1.0527589558 1.1560377379 0.3886044899 -1.1634730204 -1.7055607196
1.9158131552 -0.3853512395 0.4672651286 -0.7582828424 0.5439884020
1.5101256390 2.2025282300 0.7977470130 -1.5109900825 0.3985650463
4.0712063470 -0.3096170946 -3.0415079757 0.4422582703 0.2117931794
1.8543523573 -0.6695909044 1.9989810899 -1.5478994628 0.4414278564
2.4541995016 0.7739480143 0.5465718676 -1.2209430117 0.1860920867
-0.3483873488 3.6826160428 0.8760289122 0.7788789483 2.1912382225
-1.5372444772 -3.1504169839 1.1516006613 1.4388428692 -1.0714903165
-0.8128835523 0.6316032452 1.9827738852 -0.5771301680 0.9733575696
-3.0534938824 2.0094920625 -1.6286480235 -1.3660863964 0.0117073648
1.6690870892 -7.2423712538 -1.3504971998 1.0287036607 0.2356859528
-1.0723151804 1.4652405879 3.8155399059 -2.9575274127 -0.4609301915
7.4544451560 4.3981133984 -1.1390765166 0.5738211986 1.4697027661
0.6476583956 0.8903406649 -0.8029637378 -1.3897657463 -1.4704244471
3.9423192528 0.5242060064 1.3609785588 -1.1943195396 0.0472830880
2.4398238471 5.2446733647 -1.2106512188 -0.7143239483 1.6388180527
-3.6008783983 -2.1527751801 0.2744079366 1.6798407855 -1.3644964798
-1.6857621185 -2.4004664866 -1.3157436752 0.1719773786 1.0063590557
-3.1012941131 -2.7016304677 2.4218781665 1.1114654679 -1.2181546026
1.9637959227 1.1583565661 1.4259265203 0.5919143946 -0.5979052220
-1.3828917324 1.7597192726 0.9498444736 -0.4623712745 0.9486657927
-2.1552041351 -0.4536430147 1.2975701933 -1.4544723807 2.3190863489
-3.2420923530 0.0939006778 2.1768814210 0.8682673407 0.7521663394
-2.9877042702 0.1157397409 0.9906587537 -0.0364751127 -2.0807170212
2.6585825587 -0.2260090997 0.0438153809 -0.9248686121 -0.1865223277
-0.1245770348 1.2447795111 -0.0406132289 0.8178919259 1.4097666047
-3.6926424181 -2.8537327942 1.4457057393 0.4489617443 -2.2834830845
1.4025247450 0.5041615770 -0.0613443456 -1.4154280572 -0.0728840513
0.5791686126 2.6437342907 -0.5984293305 -1.7549118854 1.0139309341
3.4685853066 0.3681188690 -1.8852031226 1.0823551626 0.9798118675
1.3611893262 -0.1530349820 -0.1840900142 -0.9319280785 1.7656466096
-0.6248334236 0.6120885406 0.5160650102 1.5208400198 0.2857654320
-3.4261458760 -0.6842993113 -0.0825109512 -0.4913582472 -0.4716088178
-3.6000327111 -0.0988609632 2.6534596353 0.1509347478 0.7600042800
-1.1916090546 1.2446729131 0.8616650874 1.3343186443 1.7351327108
-6.6535034322 0.4020639855 2.2832961365 -0.1163049027 -2.3473521821
2.0191960094 -0.5881312238 -1.8019773313 1.5463515557 -0.1729877180
-0.1782942640 -1.2152371866 -1.1449291416 -0.5247611570 -0.7094196554
-1.9270807913 -1.7588751862 -0.0171891459 -1.7084945213 0.0100391950
0.8803228763 0.0251311222 -0.9675140188 0.7958536583 0.8916068016
-0.4256180112 -0.8267883010 -0.6669930216 0.5692245993 0.7551991445
-0.9686779474 -0.1961652753 0.1745997611 2.1817727081 0.6844974228
-3.2536806464 -0.9449530377 -1.2587949129 -0.7591543341 -1.8129410323
0.4033176341 -1.4271611625 -1.1443931433 0.8911920049 -0.2209840101
0.4282715631 -0.8742226781 -0.0807038820 1.0902856289 0.4869120353
-2.0773323315 0.5085989424 1.1513245827 -1.0579885864 -1.5510744577
5.7419735496 2.0220135338 -0.6553068332 0.2454663467 2.9219200643
-3.3557277979 0.2841403275 -0.0110007496 -1.3809042202 -0.2835874727
-1.8607463008 -0.5909930195 -0.2283665177 1.3622173506 -1.8643310737
2.1938197973 -0.7761147210 -0.7506085412 0.7980778119 -0.3031502728
-1.7788513336 1.0064498733 -0.9667296794 -1.3722594178 1.1725923270
0.4506553529 -2.9001708260 0.1981440092 0.5479869765 -0.0839857687
1.4219140615 1.6752975821 -1.4846347425 0.7390927663 0.2734339840
-0.2607792497 -1.5891491545 -0.0290611946 1.7242613895 -0.9501225265
-1.2570074899 -0.8884664101 -1.2622758738 -0.4979622567 -1.4591019120
0.3481064312 -1.1630789992 -0.4928387617 -1.2991973505 1.0722999288
0.9526251217 0.0193681675 0.5209315295 0.4559728629 1.4050446786
-0.8268823031 0.4435479382 2.2248207789 -1.8481428431 -0.8100023381
3.4041146415 1.6090266240 0.2565954862 -0.8744747222 -0.1619039441
2.7314265198 3.4823531975 2.0160227532 -1.5278026898 1.0922276862
0.7508081377 1.2878236588 0.3133681236 -0.0197576795 0.8418818888
-1.3330883148 0.0645611716 2.2095963394 -1.1598917019 -1.0311645156
3.0978407621 1.8199797493 -1.8089116971 0.1026343607 1.0182520101
-0.5911379439 -2.2423486888 0.9211833320 1.1221118242 0.4224297560
-2.7032995638 -0.5874914530 2.5379729503 -0.4132177828 -1.3919620961
2.0707614273 2.0001226680 1.1604020147 0.1864819037 1.2266639611
-0.3615819145 0.0000779800 1.8472148377 -1.3425086210 -0.6753403060
2.4827096774 2.8284092891 2.3169763495 -1.3252734421 0.1610073590
2.6522911495 3.4812644673 -0.3610309448 0.9144255873 0.1420289062
-3.1743508117 0.5347590715 0.4746594045 0.7891435336 -0.0872011632
-3.9688362927 -2.5544325096 1.7500497740 1.0551217291 -1.3690405737
0.2818474037 1.1207631483 -1.4925951441 0.0862293342 -1.2608715057
1.4249561890 -0.8096355588 0.1657858714 -0.0170863376 1.1728639263
-1.4151060836 0.2510761792 -0.2632482578 -1.7642955393 -0.0873269510
1.9218445543 0.5018656246 -1.4397171437 -1.1717979627 1.2358798889
1.5901552447 -0.4917903428 -2.8112227918 0.5889205677 1.5809858551
0.0868117916 -4.5391926823 1.8016710746 -0.0510057265 -0.0978302880
-0.4816147121 1.6623774604 2.5536896751 1.1120950343 0.5759109081
-3.2784165301 1.2327954528 1.5535228455 -1.0737768836 -3.1431169798
4.0503399981 -0.5054748935 -3.0351074464 1.1281217247 -0.9858046155
0.6618673849 -1.6832321547 -1.2067718097 1.9572186083 -0.0969594702
-1.3006159038 -1.8278392200 0.1122173645 0.8560820300 0.9733076629
-3.3600783962 -1.4627170136 2.5555157365 1.1679235337 -0.1529187129
-4.0275734135 -0.7411547038 1.3998423261 -0.0974012745 -0.9235591387
-1.3342114226 2.6614263450 2.0105010239 0.3487801559 -1.7644619086
3.1384863025 1.4787710827 -1.4385003401 0.2813357476 -0.6424309247
-2.8422986761 0.0562960908 -0.3111981797 -0.0844666650 -0.6044859507
-1.0772187376 -0.6615184784 1.2202627526 -0.4265264312 -0.2152099980
2.2973312450 1.8490292334 0.5645322500 -0.9135454073 1.6195752336
0.2245823012 0.5508602081 0.5813355762 0.3915533321 -0.4225016434
0.6173817388 2.7464764416 0.0760586718 -0.7831395369 0.6862490583
2.6325627311 -2.9520010791 0.8170474688 -0.6834146075 -0.1647090489
1.5166408991 4.3069040980 4.1108455448 -2.5973200449 1.7213566927
1.8694557333 2.7983210032 1.0582452214 0.0397887622 -0.8951878503
1.0049488452 1.7877121110 -0.7510461176 -0.6966753048 -1.1924601552
2.6532298539 -0.9795579575 -0.1754007898 -0.1186968974 1.6442224695
-0.3312233858 1.1824023480 -0.1448846694 -0.9859447809 2.4578077283
-2.6211185966 0.1282297576 0.6961531106 0.4691383963 0.2677975741
-0.9627319139 -1.4137428305 -0.1311211456 1.4839112449 -2.8948180659
1.1649222793 0.7756854874 -0.5378810768 0.6034687505 -0.3009894851
-1.3829936833 -0.7505291242 2.0244569858 -1.2717692044 -1.0390809907
3.4484203592 2.2613857229 -0.7249981798 -1.6253337414 0.6330294643
2.7169105700 1.1844727950 -1.0748206120 -0.6793022428 2.4901166669
-2.1958721384 -0.6544115567 -0.1217067566 0.2913012506 1.2997613628
-1.0446129347 0.0309623288 -0.0011975834 0.0299842931 -0.5371326221
2.1025796627 -0.6031233261 -0.7017465191 -0.6483317324 -1.1471484050
3.3654380662 3.0966491161 0.5650592240 -1.0231014501 0.8660639424
1.3467637351 0.7393885185 -1.9194238337 0.0599896226 -0.9199875683
1.1016404644 0.7224078327 -0.2741611473 0.2807549877 1.0969392701
1.4641671802 -1.3676759233 -0.7891934669 0.5665024960 -0.2393725323
0.4500833500 1.2584370963 0.0736707262 -0.1355268933 -0.7239639097
1.6057217322 0.3468712073 -1.2006624368 0.0500127780 -0.9672385111
2.4326041861 0.1764717161 0.3349288743 0.5899036595 -1.0213078586
1.4556503843 1.9472319762 -1.8893172545 -0.6193721148 -2.7294143911
4.9127692727 -0.3977874191 -1.3476601417 1.5427823486 1.1287525760
-1.1616068237 -0.1526395760 -0.2101747636 -0.8492136114 -0.3862060096
0.5918238010 -0.6612251866 2.1022285145 1.1154870538 -0.4683890130
-1.2866052152 3.5238824871 1.1132179085 -2.0653848896 -1.0314956598
2.9617999254 0.7489099996 -1.5272485142 0.5480798541 0.8684691092
-0.1384810321 1.0389866067 0.7103792024 0.4535253672 -1.5638528366
-0.1839439719 -0.2680348813 -1.4521624058 2.1441459902 -0.9181083343
-2.8595131499 -2.1181544849 1.4350549840 0.2057540943 -0.6602951879
-0.7050224793 1.0146693024 0.7364620479 -3.0746009479 -0.9298510788
4.2930288690 2.8682229150 -1.9250661225 1.2477491656 2.8272639831
-2.7087847520 -1.0855985436 -0.1060533584 -0.5554036766 -1.8656299209
1.9035624629 -0.7507369580 -3.2025567588 0.0012997311 1.0190331802
0.5889475052 -2.5800594769 -0.5365233332 0.4782132311 0.9099875127
0.0987130518 -0.7875998455 -0.6897493103 0.2329621588 -0.2990432265
0.0754026993 -1.1933918636 -0.6004851167 -0.0951711974 -0.0141988185
1.1181591077 -0.1286355206 0.2251726251 -0.6299107282 0.2620384744
2.4191700110 2.4070493718 -1.3989326051 1.0706282692 1.6202885928
-2.0121845001 -0.7536660188 -1.4605840912 -1.2448417078 -4.1004685022
5.5375393800 -1.2946930003 -3.5461484502 1.0426515885 1.5711718278
-2.6252956179 -0.6943364742 1.5846567871 0.7899994023 0.0964160750
-0.7969549236 0.2108773561 0.1002037225 1.7654752399 -0.8568258425
-2.7821620680 -2.8189161463 0.4707099531 2.4639702555 -2.9361982106
-1.3271983476 -1.0102265933 1.3209034885 0.0199785715 -1.6658695780
3.2446916514 0.8902733067 0.2290917121 0.2316295086 1.4652530949
-2.5160060077 1.6176409796 0.5922615949 -1.2308230493 -0.2676607511
-0.0762070628 -0.4796292282 -0.8852159704 -0.9211864789 1.0506262332
1.8893656517 -0.9041927787 0.1186242016 -0.4773991525 0.2768016733
1.4906664104 3.0663961239 0.5473500426 -1.5772032874 1.2071394933
-0.9933552455 1.1032392236 -0.2589052719 0.3926862854 -0.9913300221
0.9095092958 1.2750355434 -0.4840750285 2.0104909820 -1.7548963357
2.5360948207 -1.3009790033 -2.4278927566 0.2559658977 -2.4912190465
1.9118164251 0.1698494781 0.0252866038 -0.3547229151 0.5961680479
-0.4386462246 0.9074039307 -0.8250922905 0.6507868524 0.0026180765
-1.0450870234 -2.0925398032 -2.6907669511 0.2530043268 -0.0256241642
0.7272365513 -4.2662676736 0.7312827249 0.2687593409 1.2049747284
-0.4125895554 2.6084082402 1.6795776648 -0.9078226090 0.6257702579
-0.5563097789 -0.2564050475 0.6936398417 0.1161287537 0.1745282861
-1.9780005043 1.8737285924 0.9925586713 -1.6161997148 -1.4649365791
3.4477196521 1.6540869000 -1.9743631636 1.8582654316 1.0742576976
-2.2638393621 -2.4024087162 0.2187141039 2.6340603696 -0.8418180900
-3.9271983691 -0.9540130350 3.5313286900 0.8594021217 -1.5891765773
-2.6132660761 1.6127577636 1.0675673945 -0.4658304217 -1.4926721678
0.1601364113 -0.1543282673 -0.1629728183 0.0167859284 -0.7991658920
2.8970805031 -0.5795932597 -0.7751760032 -0.2083878901 1.4887254236
-1.6698417582 -0.3183230727 1.6632283194 -0.4944676791 2.3204065560
-4.8857106845 0.6115695873 1.5245686112 -1.6574360557 -0.3338293528
0.4166727383 0.8957498764 -1.0998134589 -0.1230746950 -1.0872507877
2.6603821519 -1.6240918866 -2.4980416581 -0.2064074567 1.2904666680
-0.9974624261 -0.7892443603 1.9729342956 0.4132209056 1.0086702652
-1.0715383008 -0.3072901626 0.2427182948 -2.3301351068 -0.6034514500
2.2334641398 1.1598780531 -0.2558456889 -0.1315655655 1.2066924899
1.0895019209 0.6480056720 -1.5440188457 1.5787549042 -1.5928487251
-0.0929920953 -1.7805264357 -0.6018563318 3.3965105622 -0.1619466438
-3.9412816082 -2.1755254507 1.0659549708 -0.3050750206 -1.3561727681
1.3956047360 0.0455296617 -0.2522872128 0.2013619277 -0.7397838193
1.8999426211 1.4201075650 -1.0675223586 1.1123227099 -0.3485962305
1.0779339930 -2.3174240207 -3.4580293795 0.1788087584 -3.2238389460
3.0648628599 -0.2974403550 -1.0832153411 -1.0826110802 1.1253803947
2.3032797958 0.2076045538 -1.7210525635 0.7019487109 1.0376290416
0.8619087731 -1.1234733850 -1.5045863333 0.6920636162 0.0450737578
-2.4434844350 -2.0934080015 1.0931571616 0.3291421230 -1.7646046216
-0.3675275086 2.7454849448 0.6822663023 0.7026912237 0.5347124636
-2.8651734308 0.7518735360 -0.8532748846 -0.0483430786 -1.4254848971
1.1448832084 -0.9946170782 -1.5895430864 1.7955481098 0.6426522311
-3.1090807533 -0.1102294462 -0.7124199202 -0.8124676010 0.0800736701
-0.9216612146 -3.5160684883 -1.3096217358 -0.7935022936 -1.3195340077
3.9178170779 1.2459850286 -0.8436641318 0.9938555454 3.1670377074
-3.0144301347 -1.5044666576 1.3266537297 -1.0663925136 -0.7740485727
0.8811621588 -0.0255577107 -0.3984153087 -0.8117107380 1.6196511553
-0.3964270456 -0.0018306395 -0.5538788955 -0.6305917206 1.5991164886
-1.0622179217 -1.8052079533 -1.2556435779 0.0756437269 0.0709265962
-1.6715351750 -1.5260414244 0.5345217901 -0.4860421955 0.9312454886
-0.6154988986 1.2666415780 1.6704302850 -0.5336055915 -1.0363479520
3.7978722440 2.6610273978 -0.5337506124 1.4730202945 0.3031754732
-2.6863670689 -0.6455082627 0.3892981907 1.0797574985 -2.3419534789
-1.6542397212 -0.5304862326 -0.2569448548 -0.1402745792 -0.5079260363
-1.0863664959 -1.5169728781 -0.1654589216 -2.0527245556 2.2487972100
-0.8276999195 0.1359901782 2.0629881711 -1.8645111095 1.9653697804
1.1625450074 1.8012372465 -0.5630003880 -0.9674402603 1.2212019540
-1.2430029523 -1.6760385662 0.4651840792 -1.6068714331 1.1766884125
0.0479531552 0.0113024149 0.3493061922 1.2723756822 2.6983939917
-4.9063963683 -2.2995999077 2.0612745165 1.1315996274 0.1860259074
-5.3625793554 -0.5350097448 1.6883461123 -0.0886453225 -1.4854790684
1.6643068780 1.8598966758 -0.8003636756 0.3105403063 -0.9795370803
0.3043697416 -0.9576343614 -2.0148702984 2.0039168691 -0.0658584132
-4.8169415035 -1.4328044621 1.2775161848 -1.2029621634 -3.1668284978
5.1777266641 1.8799461909 -1.1366077043 1.5894237640 0.7584053189
-0.7382559860 0.4241364242 0.9852794791 -1.4324486584 -0.9599234124
1.3660441274 0.6702520463 0.1553600647 -0.5709660830 0.4783078091
1.4279742260 1.7214129649 0.7066035437 -0.2046524982 -0.3693374653
2.3902612681 1.9092509799 -1.5820186983 -0.3557456384 -0.4892982739
0.7733597323 0.3684465624 1.1735629770 0.7873576363 3.1002781315
-3.7614046673 -0.3020640498 1.3813464854 -0.3418615833 -1.1786676351
0.8783061110 0.3611382502 -1.2294183715 -1.0449787638 -0.0871829080
-0.1424816265 -0.8628924964 -0.0595187598 -1.1581436722 1.4696424767
-0.1765264412 -0.5956193197 -0.3695413765 0.2702389342 1.6803709754
-2.1112189532 1.5295975292 1.5676820674 0.7616947754 0.1424914237
-2.2297975477 0.2789696224 -0.8019318079 0.3161581175 -1.6749076778
0.8894927958 -0.1656952974 -0.5068089167 -0.9264545004 0.9630964616
3.0874661873 1.9841125969 0.3801018729 0.3508158958 0.0484337804
2.0955882336 1.3809163212 -0.1534044808 -0.2914085226 -1.4403039290
1.8199328379 0.4169208482 -0.2718000495 0.1504662712 -0.1526105632
2.8210566522 0.0826598544 1.5851245442 -0.3579766668 -1.1742906738
2.2960366788 3.0114801701 -0.9819438843 1.3722509524 -1.0294388365
-2.7026965782 -1.3754450999 -3.2434828144 -0.3200268513 -2.8052626681
1.8096778061 -3.4647727205 -1.6606395069 1.1429718553 -1.2769331694
2.4465161245 1.8410116345 -1.1883431021 0.7042795050 1.2145825756
1.3015786098 -3.5281592404 -1.2655013182 1.2505395125 -0.5800542804
-0.7039367541 0.2925582604 0.8034925990 -1.2783038121 0.1629610550
1.1215873780 0.6754167730 -0.5510508258 -1.5313340842 1.5654740041
2.6864985998 1.7295840969 -1.4149169510 -0.4792426813 2.6881727505
-1.4890013956 -2.0575150578 0.0229484859 -0.2706810162 -1.1504647822
1.2754373512 0.2503508462 1.9456560709 -0.0356559884 0.5906902020
-1.1190417959 3.8396330100 0.7238130851 -1.6797705219 -0.6738870568
0.5818388184 0.8607518377 -1.6834887342 1.1979232728 2.1496449429
-4.3722234696 -2.0967973058 -0.1461766339 1.1930857105 0.4865979683
-2.7231154606 -2.8344979392 0.3354704914 0.1489736749 -0.2471054178
-1.4113563777 1.0965524807 2.1449269127 -0.2931677992 -0.1701184424
1.5203457841 2.9650320823 0.3525428390 -1.6087918693 -1.5145548535
4.8977514997 3.4592049515 -2.4367699597 0.8016347222 2.3905238995
-2.3706213950 -2.7442523692 0.0445488445 -0.1680997836 -1.5702080406
0.3889264114 1.4324343217 -0.1887441993 -0.3267868634 2.1312631996
-2.5275983329 -3.2902669884 0.7981380069 -2.1295432777 -1.0716476754
3.3168029456 3.4890938921 0.0392752707 -2.0441750977 2.1942288996
1.6944614503 3.3709176568 -1.9035064186 0.2391146499 0.6510143072
1.2744565899 -2.4628794952 -2.8950421566 3.7350541330 -1.6343371054
-2.6143014086 -1.7992697495 2.1263381307 -0.3836926934 -0.4163854362
-3.1386200439 1.1009178229 0.6763750847 -0.9840272300 -1.6415663687
2.8521900717 -0.2159844413 -0.9700805383 1.6409926254 2.4291427625
-3.3689630267 0.2873046714 1.9618771690 0.6179721277 -0.8051091223
-0.9231977825 -2.0828245837 -0.8895268975 -0.3199713467 -3.4029973139
1.4379355410 -0.0228330357 -0.9323460292 0.6349402343 -0.1704889827
1.3811950792 -1.1903023591 0.1152030519 -0.9257707547 0.8345829877
0.8347049077 3.2468750190 -0.1938848334 -1.6469001441 2.0704894322
0.6998869842 -2.0664254336 -2.0193495996 0.3239265285 0.0224936507
-1.9009751735 0.4801204136 0.5441650368 0.2717296546 0.1487344222
-0.7882005827 -1.4635799828 -1.0437365486 1.3516655645 0.7648477927
-2.8588542831 -2.7281746706 1.9812089524 -0.4987949308 -0.0695985701
-0.5003061288 3.6702612715 2.3510481913 -2.8973578353 0.7826271882
3.2901278268 1.2200644312 -1.5932517205 -0.2605870982 2.4892984212
-1.1864709578 -0.9791771312 1.1884620218 0.0902650630 0.4978456354
-0.3448530594 1.2739619012 2.6722430586 0.1296322713 -1.3506960319
1.9109965353 3.0877446994 0.4563872505 1.4324979181 -1.3520630463
-2.5441855139 -1.9634845171 -0.3866125214 0.7708387641 -2.4046218409
-1.9079700913 0.6131744186 2.9037881855 2.2070001528 -0.7284162712
0.1768510502 0.2313902719 0.7914672412 -0.1278706007 -1.0880576971
-0.5249788915 0.4636890497 0.0271408972 1.1268111730 -0.6019283534
0.9170714211 -1.1008397259 2.2327776489 1.2866599492 -2.0292525571
0.6119734748 3.4349574261 -0.7158014890 -0.3481904712 -3.0303966241
3.8327762350 -0.6325767107 -2.0323761918 0.1599300831 0.9914658085
-2.2185305653 -1.4231888656 0.7645678539 0.8858552099 0.6374565321
-3.1486105591 -1.8364937116 2.3430734692 -0.5767099502 -1.3812748755
1.1017876920 1.7640973456 1.3162283648 -0.7371436809 0.3828179482
1.0063726416 2.2893927172 1.2003640808 1.1046988681 -0.3557441176
0.6618345454 1.4715546217 -0.3234815527 -0.1112385860 -0.7314121682
1.2469807499 -0.5409436129 -0.5210541213 1.0865768563 -1.2798041495
1.7380315402 1.0984653804 0.6717099131 -0.0269652857 -1.8375139095
2.3841094548 -0.5845272613 -1.2790615045 -0.9849761284 0.8920984607
-3.6050441398 -1.2130218271 3.4822694899 -2.0368507051 0.0986550132
3.0505187306 3.3500789965 -0.7108050766 2.6270040662 2.5923174455
-4.2867628184 -2.0284684518 0.6895727952 0.2136616755 -1.6947288880
-3.4689083847 -2.6728273258 -0.3398128176 -0.0928594557 -1.6425953276
1.0927023210 0.1939663996 -0.5914483522 0.0837832867 1.3111742526
1.3036180470 -0.7083002571 -1.2447026046 -0.2860449160 0.7737804151
-0.7162158465 -0.3858876795 0.0733900805 0.2814189642 1.1798820396
-3.1832686588 -2.8474095654 1.2174746816 0.6452590582 -0.5308594920
-2.6434334081 1.0721183012 1.7596736504 -2.0972274549 -3.0798907442
6.6502641650 3.0147736054 -2.5737367497 0.0692146891 0.5514168177
3.8005688734 -0.1540711738 1.8171832469 0.5094337066 -0.1175607728
2.0861570379 4.3666740362 1.3006504049 -2.4997759539 0.8370253680
2.8398597818 2.2401288377 0.7894982457 -1.3381919540 3.0473968224
-0.1638357457 -0.3385991735 2.2050449065 -0.5932033765 -0.4385662355
-1.2119425225 3.2434684868 1.0041331350 -0.0886839294 0.0802390072
-0.6321286490 -1.2246837260 1.3196099951 1.5704552893 0.2255417316
-1.3631582509 3.6179964583 -0.5256553465 -1.7369297036 0.2549227793
2.1250356765 -3.6999709121 -3.4957806479 0.8645498212 0.8132478699
-1.3598279758 -0.9749665221 0.4975933803 0.4644839294 1.3679885463
-2.7768925819 -0.8538480980 0.3095196019 -0.2650390779 0.1387962056
-2.8419986834 -0.1297218176 -0.3524036228 0.0836031171 0.3846425766
-0.4760110923 -1.4398768653 -1.4525099141 0.1134277652 -1.7194624974
4.7087863025 0.5607190877 -1.2834088405 0.7652259050 1.2593209434
-0.3878075128 -1.9587182349 -1.2449652658 1.1210989601 -1.7071392663
-2.8303950698 -1.5470913939 2.3790215258 -1.8326740715 0.5588617277
-1.9832461234 2.6215332134 2.0484370173 -1.9541794575 2.7440420616
0.8031632607 0.0651588381 -0.9030932034 -0.7787917650 0.7179059896
1.3975761732 0.1735590084 0.7332412050 -1.3103861012 2.0275752599
0.2520831492 2.3330776744 0.3388943451 -0.8694383019 1.6118250553
2.1058877638 0.1730864983 -2.4407131973 1.0589583501 -0.0205517926
0.4358221997 -1.8894375117 -3.0533044479 0.5889362219 -2.9267810567
4.0692384048 -1.5944244638 0.5994925520 2.4724175964 -0.5801278928
-0.2040788298 2.1764876153 1.4220449847 0.1574893334 -0.8591989510
-1.2522707985 1.7894011940 1.0703537612 -0.9079147152 -0.6372273343
0.1669408172 1.2089795820 -1.4581949660 -1.9928905248 -1.8362038753
5.1225946849 -0.6216691093 -3.1959387024 0.7995911308 -0.0747898698
2.3570844875 0.9379087326 -1.8685313098 -1.8044650574 -0.1351734490
4.7339978861 -0.8511544826 -3.0182457193 0.7048399989 1.1530222714
1.2735802562 -1.2177510588 0.3542096885 0.4202924651 0.3047534983
0.6963174381 2.1380164252 -1.9267382498 0.1470518182 -0.5445735232
0.8541221678 -1.8141212864 -2.7907506391 2.4517151344 -1.2596026163
-1.1053352039 -3.8509651038 -0.0799925584 2.2368621240 -2.4827222204
-3.4280707682 0.3687970093 1.0067069148 -0.7009855708 -0.5332783298
-2.0999186277 -1.7830066878 1.8905148782 -0.6502839144 1.4960774097
-2.7065435976 0.2800715551 1.2640651953 0.0077372202 0.7081455813
0.1109714373 0.5074069162 2.3728569555 1.1701543712 1.6283599182
-1.3396855368 3.2448188527 0.3092058754 -2.3647346557 -2.3257475323
3.6493829380 -0.5812516022 -1.2568194120 1.0509581530 0.9938628020
-2.5706858884 1.6538325478 -0.2342073093 1.6280136733 -1.5331937863
1.0478325108 -2.0916207815 -2.0416031690 1.2893085124 -2.6612797235
1.4139605214 -0.4235444432 -2.1879205528 -1.5901528666 -1.3425401059
3.7623741546 0.3072298243 -1.1185630637 -0.1494948920 3.5546417538
-0.9756453382 -1.2350004190 1.5668875247 0.6577545315 0.8768537499
-2.3603177576 1.4254863711 0.5218580158 -1.2908906649 0.0965567334
1.1981880465 -1.4049731485 -0.8817531874 -0.1728610369 -2.0447416238
7.6739993466 2.2246607597 -0.0561657861 0.1399379222 -0.0763802933
1.3475872565 2.5458985910 -0.6765812217 -1.0614604978 -1.3798212482
0.8624108387 -0.9898973527 -2.5377610917 2.2128621353 0.4144591920
-1.5973183809 -1.0582590085 1.5153176881 -1.0102626508 -0.2886158729
-0.2722415245 2.5984291998 -2.1703064941 -0.2240200818 -0.0515236882
-0.3797151200 -2.3372963954 -1.5309369090 1.7463986360 -1.3447049728
2.1224159554 0.3065279412 -3.2495286149 -0.4838885516 0.1429285503
1.6102366853 -4.2321338149 -1.3835720105 -1.0083934533 1.4999792717
-0.1022471707 0.6871896101 1.4426836426 1.3721954640 2.1877586803
-0.7246986416 0.4278863838 0.7133237433 -0.8257341685 -1.9064528681
4.9080762771 1.5594538641 -1.3943702538 1.0180522260 -0.2725200464
1.5036584608 -0.3149589766 0.4133553513 0.7247001889 -1.1291653949
-3.0830836499 0.4225908373 -0.2749716933 -0.6289083495 0.5075036850
-2.3271812496 -0.6005052355 1.8411566571 -1.4030524787 0.9980697580
1.7285425156 0.5823026142 -2.0387106210 0.0758407901 -0.7790767950
0.2865520077 -1.1232763775 0.9199373932 0.3929512723 -0.7400473286
0.7381559138 1.3252070065 -0.9107767426 1.3580341367 -0.0389848721
-0.4145073135 -2.9347107454 -0.7908099260 0.9189635514 -0.3875350635
-0.9122073429 -1.0141834375 1.7476658237 -0.9429452895 -1.0786080823
3.9477049745 3.3951486365 -0.9027590828 -1.8184970746 2.6952214255
0.4915680579 -0.6559089006 -0.9794827100 -0.1022370539 -0.2420158131
2.5821612165 0.9011088402 0.0776600337 -0.7343447784 -0.9752730751
4.6042505265 2.6071491305 -2.2859060194 0.2516025136 -0.4299793789
2.3205218722 -0.5087062721 -1.7642393358 1.1713578121 -0.0345618729
-1.7751836901 -1.5933175667 -0.9093741669 1.3632078623 -0.1618101905
-3.4799619813 -2.3779561618 0.5581720752 1.8577720562 -0.4930600175
-3.8103102001 -1.6235202295 1.6452200461 -0.8916600274 -2.0889130682
1.9784847137 1.8364376351 -0.0001376153 -1.3289084014 2.5431565415
-0.6113503548 0.8006739642 1.5112106091 -0.8960153060 -0.1503340607
3.3859609277 1.9831610810 -1.6162703262 -1.7259078206 0.9325599847
2.5938765929 -1.4974760577 -1.9794094209 0.0731370410 0.7165370078
1.9454254088 -1.4116971228 0.8879754264 0.8112172147 0.6590991790
-0.8065531765 2.0075768737 -1.4951190364 -1.1053352733 -2.4982069702
4.0269517245 -1.0307548574 -2.9893861908 0.7657111150 0.5807633742
1.3049458546 -1.3753185715 -0.5956477000 -0.8710782449 -1.1661821544
5.0670878495 1.1150717671 -0.2034752174 1.0195912483 1.5687626891
-1.3648022433 1.9306347304 2.8554550952 -0.4183352680 -1.1847021800
1.4527658542 1.2855766892 -0.2996122922 1.9763957538 -2.5666668000
-0.2817279808 0.1566564531 -1.2085269145 0.4408727022 -1.4817466026
0.7208934294 -2.5373611172 0.8979303310 0.2980641507 -2.2268468925
4.1696813558 3.1054697409 -1.3041547787 -1.7948040694 1.4353427080
0.8169945054 0.7258625176 -0.6020479268 -0.4924667667 -0.0762616660
2.5429106751 1.1004495110 -2.8633233256 1.9451055057 -0.4200721781
-0.1802004219 -4.1524640592 -2.2555303188 1.6180091484 -2.5436494167
-0.9660785450 -1.4654868633 1.7981405437 -1.3813402369 1.5628545771
-1.6727410035 2.8171827825 0.9036129442 -1.2801217479 0.6131943569
2.1235203046 -1.4801275073 -3.0765380715 3.6332362412 -0.7809634252
-2.8991866916 -1.7137909366 0.7017211030 -0.3767973133 -2.7713728849
3.5389117703 1.0668466368 -1.5298724268 1.4302038070 -0.0693382613
-1.0687225597 -1.7861099876 -1.3631918340 -0.0870980798 -2.2810891336
0.9680056281 -2.3616117409 0.8662619753 -0.0709038985 3.0040698373
-4.8944472292 0.9261010399 3.3411101060 -1.6419421656 -0.2422887197
0.6113826713 -1.1596843368 0.7233460880 -0.6986498128 -0.4826165128
2.8313747470 2.1250546385 0.6641000875 -1.5244573020 1.3581771065
4.9229258590 2.3150238109 -0.1727595287 0.6819229510 0.9047776840
1.4049898599 0.0453239177 -0.3667438289 -0.1050970334 -0.4870353958
-2.1239490240 -0.6157331855 0.5703805609 -0.9221776808 -0.6295059707
0.2629815284 0.7840047206 2.7051752769 1.0475180667 1.0021145086
-2.4413522903 3.7255289731 -0.6481448499 -0.6648437302 -0.3253239598
-0.4361695253 -3.6628204380 -1.3542001396 0.2180070883 -0.4644688548
-0.1618812317 0.9699144337 1.7985055645 0.3091710008 1.0180932984
-0.8209068098 0.7467463178 0.5961433413 -1.2968517534 0.4625408517
2.1702224172 2.9747358192 -0.3428547927 1.4052568513 -0.1286847980
1.0062379168 0.1543925339 -0.3678684296 1.1040278990 -1.5119008099
-3.4764810570 -1.3154674112 0.2869445222 -1.1064344594 -0.0399363181
-1.5521105859 1.6930437189 1.5991823419 -0.8490041811 -0.0107436916
5.2385376828 0.8369259224 -2.5267459594 -1.0630338189 -1.5956202003
6.9746952047 0.0015840285 -2.5463781335 0.9031722254 1.8961134614
-3.2290954316 -0.4885464477 2.6135998698 0.5782177165 1.1580618199
-4.6832808781 -1.7545979960 3.1631632078 0.0070621017 -0.3982214723
-2.3618697688 1.3262925461 4.0818920029 -0.8648398816 0.9052359946
-2.7130240247 3.2050460329 1.2722589031 -2.3967467686 -1.7652586514
5.1397378873 2.0323821142 0.1094550690 -0.3300852733 2.7173641929
0.4331147427 -0.2693857922 2.5020023391 -2.0732010261 -0.9119921697
4.1347623508 5.1146801054 -0.6033252577 -1.6380998939 2.5352099200
1.9234186486 -2.2711930130 0.6256873610 0.6344691458 1.6061021497
-4.2557210362 0.7438162830 1.7902275957 -2.6409421905 -1.0543874163
2.2777860230 -0.4568158212 0.5693599530 1.8243427799 1.7169254149
-2.8310658607 0.9972111341 2.2279132169 -2.0841243496 0.2601849147
0.2779079406 0.2326213923 0.4111267759 0.5462766644 1.0092393137
-1.1404725381 -0.5585174494 1.1641813129 -0.8490981445 -2.4627194317
5.0680602012 2.5495040901 0.5208317733 -0.4666567081 0.2664433958
2.8552190202 2.4636499207 -0.3690001193 -0.5305490819 0.5328688060
0.7044775946 0.6548869741 -1.5067760538 0.1620852651 0.2385420831
1.6022121009 -1.3764521322 0.0325357112 1.3261028575 -0.5337175237
-0.0166982564 1.0926609323 2.2483921196 -1.0769218657 -0.0405433466
-1.0719895109 3.4296715244 1.8187864404 0.8008543425 0.8725342257
-2.2867549053 -1.6118502479 0.4157553291 -0.3019872759 -1.9828616957
-0.7301880361 1.1661783844 1.3175839616 -0.7507404213 2.5501945589
-2.8477765997 -0.1889969885 2.4096502298 -0.9540098934 0.2942318926
0.6384438115 2.9660935508 0.3172274188 -0.4454012585 -0.1071612640
0.5139498858 -0.8339717501 -1.0242427408 0.0547057472 -2.4172075464
2.8667040517 1.0443610519 -0.6831806726 -0.7988814132 -0.3068128932
3.5561457179 0.9639925406 -0.4270655569 0.1581037371 -0.7574804986
2.6756582352 0.5021498383 -0.8715546838 -1.1019509782 1.2951280579
-0.4400553508 1.4585256386 1.9325122592 -2.7271739309 1.9723561773
6.3073409676 2.7127034089 -1.9801519250 -1.3631874886 2.2467990387
4.3173487577 0.0967119363 -1.1156058470 -0.3382398975 1.2011526378
0.1895553962 -1.2242779553 1.1158733910 0.2459944525 -0.5849430893
0.4697183780 0.1872464825 0.2771150600 -1.5286049409 -0.5847478365
1.8753327294 0.5993715838 0.2854095913 0.6881339492 1.3566693050
-3.2139372049 -0.4871934553 0.1868099039 -1.6069936081 -2.0554359943
3.2968010315 -0.5754789131 -0.6607462357 0.9340914611 1.3086166535
0.3862719374 -0.3129935719 1.6043279336 -0.0752139139 1.8483871238
-2.8916037894 1.7611873404 2.0595595976 -1.0170505587 0.4179839458
-0.0327007742 -1.2069796574 -0.2653142865 1.5497491200 -2.9700079542
2.2907210623 0.2902485948 -0.1278552967 -0.0306574675 -1.6813412661
1.8797484954 2.4932754407 0.8490347092 1.8374132857 0.9238136035
-4.6207079380 -0.9470459158 0.3665381142 -0.6528743856 -2.5584819405
0.3538992046 1.3968213730 -0.7862819731 1.5372079207 1.6785417192
-1.8043858817 -1.2718688467 -0.4174294471 0.1714427084 -2.9646296399
3.8350844907 1.6129124631 -1.2836471534 -1.5224921139 -0.1684933552
4.0858228426 3.0287560116 0.1652406821 -0.9353088327 1.6708712800
0.9860109076 2.0437714986 -1.5234893866 1.3846620100 -1.3498447184
1.4243059986 -2.1852106353 -0.2152044690 1.4231875572 -2.0377795419
-0.1890203856 1.4330823200 1.5510885249 0.9974995661 0.4728949246
-1.3221086034 -1.0651495123 0.7439062218 -0.9605810028 -0.0944725719
-0.7831770066 -0.1728777669 -1.5656872185 -3.2392903655 2.0725391599
0.4862022304 -1.7778589305 0.1958704322 -1.1056432429 3.1319466588
0.5188043781 1.4807778361 0.7412501353 -0.0661276152 1.6189813329
-0.8271543035 0.3049879451 -0.6765372675 -0.5665495509 -0.3717772798
-0.2106875854 0.6008532079 1.5206750688 2.0866161535 -0.5759380792
-1.9136370025 -1.0548186564 -0.4138939588 -0.7031068094 -3.1155939183
4.6283810915 1.3224275316 -0.0090844305 1.3504750265 2.0323213995
-0.6261328963 0.8332954477 0.2711343711 -0.6049803190 -1.0411437524
0.5485128655 -2.3371174576 -0.3766354624 2.0898965376 0.2052161944
-3.2860907712 -0.6142601603 0.5603976384 -1.4998673793 -1.1065223070
1.0969804231 -1.3665883421 -1.2373169076 0.6539851963 1.8282315404
-2.1528998348 -2.8385348940 2.5805397093 -1.6364368927 2.5063786841
-1.5355651917 0.9690866214 1.8310855752 -1.9655408237 2.4307329173
-1.0659334139 0.6339217717 0.8411179174 1.1881612193 0.4003895797
-3.3077164571 -0.3809979059 -1.6268358805 0.0415533201 -1.1868669279
1.5816262389 -3.8308603984 -1.8284752748 0.4976875763 -1.1386999930
3.9379855944 1.3413159762 -1.2741711144 -1.4080538207 1.7153771266
0.8448844612 -0.6333460659 -0.8655948820 0.7422786518 0.5450885990
-1.8178628156 -1.6911056959 -0.2356387423 2.3807659806 0.6802016773
-5.9175043882 -1.4850464584 4.3171452798 0.1000642482 -0.1635090331
-1.2477157150 2.1025810399 0.0671115040 -0.3998259534 -3.1797772752
2.5280327124 1.3236070263 -1.8918847283 -0.5292683490 0.7252841557
-3.0526868889 1.4816735814 -0.0258842525 0.3549965438 1.2145827437
-2.6559969056 -1.5107003963 -0.7519949536 -0.6735171024 -0.4472547860
2.0915014636 -0.0891848902 -0.8031596708 0.2494060436 -0.3863301635
2.8176202196 1.6003776980 -0.6397562135 0.2896007885 -0.4130179601
1.0742787237 -0.2471957124 -0.2495235666 0.9604079818 -3.7925240080
3.4491453993 3.4875646985 -1.2620950492 0.5080200870 -0.2458740378
0.6470708300 -0.1249679722 -2.1832175693 1.5083676621 -0.2035119441
-1.8701058724 -2.4462410506 0.3900812500 -0.5070398720 0.0914115207
-0.6704430583 -0.8254499798 1.8009097972 0.4124582234 0.3071035212
-0.7526886113 1.4706778037 2.6707886166 -1.3095497660 0.0711988202
1.0135830680 2.0462249294 0.4912314575 -0.1491998465 -0.2744079218
0.9152369391 0.9266515746 0.5095470035 -0.5128182785 0.8436690246
-2.4854534401 0.1892106095 -0.1528583697 -0.0491490026 -0.5438333606
-0.0999971476 0.8766895236 -1.0912079022 1.1347414256 -0.3213351459
1.2422486767 -1.5088045374 -1.6145544582 0.4374891133 -2.7875296779
2.6799391129 0.1955134950 -0.9576299980 -0.0772001369 -1.2956041440
0.6260579654 1.1181258663 -0.2852621836 -0.5463651639 1.6086308114
-0.1995989647 -0.9915258166 0.9984163624 0.5466253290 0.7477931301
-1.2518124571 -0.0156178972 0.9287292729 -0.9027191042 1.2694888772
-0.6592741293 -0.9277736095 0.4661413936 -0.4893245293 1.8633235584
0.0024226276 1.8990210126 0.1365392521 -0.7719437827 -0.8548914207
2.6116010026 0.1639550553 -2.0438321764 -0.8394925872 -3.0509138702
4.8423337562 1.2122608218 -2.5971993094 -0.6145905506 2.0632888930
0.9038473382 -1.4975108445 1.8338627366 -0.7114282611 -0.8332279023
1.6282817698 4.5420349953 0.1470503744 0.0063626738 1.6567165435
-1.9228959013 -0.9877208336 -0.0309050769 0.5941896223 -1.1217696357
1.6611240741 -0.6155670313 2.1824848896 -0.9533128817 -1.1700866241
1.9618925614 6.7617477238 1.3088027592 -0.4155067585 0.1276248104
1.8922998490 0.3737497846 -1.1695536242 -0.5904470868 -2.5833159737
2.9430048742 0.7710236428 -0.7923761671 0.2216174401 0.2068581311
0.0800895081 0.5748971433 1.4528607757 1.5520164703 0.7604152926
-3.4977939818 0.3412883036 1.6583391010 -1.8109203157 -2.5122531369
2.2357978967 1.3200480314 -1.6509945991 0.1774443577 2.3609330094
-2.1018750084 -2.5237189218 1.1938155257 1.0101565764 -2.2038948206
2.0559692654 1.4894121966 -1.1154347359 0.2348717455 1.0814834155
-1.8133570688 -0.9781331822 0.2500859843 0.5870279680 0.1807165981
-0.9509822872 -1.6560145682 -2.3563628834 -0.5664620590 -3.2739298382
4.5761256112 0.6213019366 -1.5055977393 0.8742506639 0.6259304089
1.1972372607 -1.5249930739 -0.5729613755 0.1839297289 -1.4579252981
3.5049951867 3.3768088239 0.4099220279 -1.9186295992 2.9085043696
1.8407116095 2.2373932846 -1.9028447581 0.1111203366 0.9195958956
-1.4759338831 -3.5750089494 -0.8542717231 0.0706837169 -1.0017456330
-2.7299046226 -0.4910779825 -0.5196910891 2.2579157075 1.9895253701
-5.3138635931 -2.1349370202 1.5390169086 2.3220682829 -2.8342866647
-0.1799956594 -0.6075606662 1.2139143204 2.0346222578 -0.6624709313
-5.5139444649 1.2176634460 2.7200793322 1.0457184849 -2.0361338016
-3.1757068854 -0.4361472342 0.5804001010 -1.3428718369 -1.5579610650
0.2248957892 0.3106037233 0.0997626314 -2.0062971455 1.0874063471
2.9249232839 0.4100905241 -1.0056503772 -0.2966101971 -0.1380480491
4.6864489750 1.4072480130 -1.8982082951 1.5005595705 0.4670749296
-0.9479904646 -0.9065202588 0.4752970821 -0.9611428404 0.5658124198
-2.7826251272 -0.6132405199 0.3528059098 -0.2558216570 0.9824599745
-2.3258933648 -2.6575864617 -0.5307092385 -1.2766986744 -0.6787312609
1.3116770194 0.7462141269 -0.0974918576 0.0551218778 1.9428622838
1.7867285496 -0.2915657794 -1.0200042419 -1.0338215368 -0.6794244518
4.9820144550 2.9398085433 -1.7091651543 -1.5525370880 1.4768855004
4.1242786277 -0.6084087754 -3.8658612852 0.1978735333 0.1915138478
2.0104939094 -3.4536580057 -1.5939335116 -1.9759119970 1.1506807988
2.1838224918 2.0095323957 1.4892787616 -1.1544236184 2.4226218436
1.2438904680 0.5697263306 -1.4103049635 -0.4897487756 -0.0470374402
-2.2817697081 2.0437715547 0.8643348030 0.2358064998 1.2108551365
-1.5980193339 -2.8109131968 -0.6851934603 2.3090041928 -1.2975177374
-2.6976704778 -1.2071387879 2.2294258135 0.8649746869 0.6982039339
-3.6678777971 0.1079274383 1.3778126009 -0.6197833265 -0.4106265516
-1.0377340893 -0.7047119475 -0.3777665479 0.0911390393 -0.5333181247
0.2808691453 -0.1801437793 -0.7407168756 0.4675904034 1.7802875491
-3.2965524849 0.8603865987 0.3212620276 0.6745154183 1.5946176829
-4.5059381625 -2.1057526845 1.6406320633 0.7531589805 -2.9643647745
0.3936146708 0.6547257657 -0.3264549131 1.2583396927 -2.5117691734
-1.7611675860 1.0705387167 0.7256928295 -1.2236582898 -0.5305837514
1.3326734539 -0.2595123780 -0.0568560813 -0.2320417123 1.2263929459
-0.6276465006 0.1876420051 0.0509952404 -0.4612799800 2.8908732040
-3.8236668698 -2.9021451158 1.6654721832 -0.5394065379 2.4383147181
-2.4728627363 -0.2327650954 2.8177912998 -0.5866186079 1.7900416849
-1.8122047069 -0.4792050054 2.9635545435 -0.5675532305 -1.1581929562
1.8295001272 2.9385194225 2.4000871197 -1.2469323434 0.9035871924
0.6049085399 2.5393680595 0.7313911896 0.7577770689 -0.0748356982
-0.2891480780 -1.4707939574 -1.6463251307 -0.9681428845 -0.4223964438
1.8875026292 -0.3846730185 1.2445542794 -1.4840866562 2.3309614544
2.2783889363 2.4007315891 1.9850978166 -1.8089157932 1.9624863085
-1.4816429580 3.0921628483 1.4819512149 -1.0796659530 -0.8329775498
0.2302614023 1.6085904460 -1.6686560572 2.5682123351 0.4683230362
-5.1240645575 -2.9827816387 -0.0767536850 0.8479187805 -1.6892239260
-1.8729703466 0.8229315190 -0.1136659162 -0.8233771423 -0.0943859726
4.0086219048 -1.3199568722 -0.5219019100 -0.3417694112 0.9754832904
0.6569272097 1.2351515597 0.6789397638 0.8408500261 0.9519243285
-3.6191400524 0.1115332042 2.2875271052 0.8064482962 -1.9160717029
0.2653984489 2.0963054926 1.6164154030 1.1868816038 -1.2000419524
1.1406925212 0.7423568286 -1.3333042261 -1.6656753822 -1.1879863261
4.1830574000 1.3843611796 -1.1487779737 0.0717954572 2.5910063953
-1.6946909248 -3.5393185208 -0.2107728827 -0.3993858520 -2.5426875035
0.9722579825 0.4031214254 -0.7393367743 -0.5846688772 2.3793770023
-2.3804783956 -0.4911376907 0.5294327154 -0.3493397384 0.1524134884
0.8136771575 0.5216943325 -0.5839542030 0.4771557698 -0.4269068023
0.5411209869 0.6979059648 0.0109958180 -0.1556409821 -1.5454257701
1.2684356760 1.1656446364 -0.3152907030 0.7038221086 0.1252226984
-1.9114129433 -0.2802816923 1.0308930696 -1.5968871526 -1.8223622157
4.9887302689 2.7921818029 -2.3775394166 0.4013775460 1.1801283878
2.6814372391 1.1868215410 0.0088692262 0.9139442250 -0.5539947132
1.9214298340 -0.2377965321 -1.0534599334 -0.1865885847 -2.2845841691
3.5131365727 3.5973675145 -1.6122942802 -0.9590360168 -0.2952554464
5.6592296075 -0.5684849366 -2.3471939203 0.0713698112 -0.7103845787
3.4569094142 0.7485832374 -0.9581301925 -1.1213599176 0.8895570361
1.1645195266 0.8261348526 0.3255037803 -0.4145912406 1.1390079509
0.0008447959 -1.3382348652 -0.3658581764 0.3861826883 -1.2139191459
0.1995489473 1.1381112952 -0.1474429097 0.3815167080 0.9461058664
-0.6474832116 -1.2795329256 0.4352178719 0.1375882073 0.3911181160
-0.4917107948 1.2487457462 0.7760027387 -0.9576178429 -0.0795705086
0.0418613166 0.9227118003 1.3782849936 -2.1589343649 -1.5528201634
3.3389945504 4.3377329662 -1.8114805757 0.3074219454 1.3439967866
-0.8031291076 1.2781383832 -1.2146591068 1.3956018891 -1.0576170598
1.4387308656 -3.7006223851 -2.6928737849 1.4733090489 -1.7043183920
1.2833312132 -0.2233304349 -0.3386141255 -0.8195231836 -0.5228165732
2.3002333226 -0.2097654496 -1.9134895481 0.2934381990 1.7264505130
-2.8795055248 -1.6251305058 -0.5274809969 1.0367311549 0.7884307797
-3.2739086146 -1.0664719427 1.2254557573 -1.4576050331 -1.5324938233
3.3077072492 0.3039822220 -3.4027171282 0.7654457180 2.5242013260
-2.1366864959 -3.5257885831 0.7730925458 -0.1744402639 -0.2256167581
0.1959865905 1.3834977411 0.7954597313 -2.1916613592 -0.7240439385
4.9291545276 0.2520689932 -1.6338900724 0.1398929685 3.4252431799
-2.4216006463 -0.6634584021 1.2072945543 -0.8090276035 1.0991045222
-0.8880083327 -0.7759409296 1.2770818578 -0.3151806810 2.4892865522
-4.8339936005 -1.2272014134 2.5072909679 -1.8473769675 -0.9345677232
1.6097007450 0.5094018801 1.1376177699 0.8989217145 3.1877969811
-5.5360687024 1.2648063847 2.6613565639 -0.2345039217 -1.5130821256
1.4068043453 1.1639196384 -1.8223486607 0.7572699897 -2.1053906455
3.7673563466 -0.6621146042 -4.9114884672 -1.2011300215 -0.1245418986
0.5870092209 -1.8364538234 -1.4320025158 0.5669676590 0.6394012228
0.0798798942 -1.9864113299 0.8296088349 0.9972572714 0.6755307409
-2.9184113678 3.2296342845 2.1386993606 -3.1434686676 0.9252144637
2.0390658909 1.9674367995 -0.9700238239 2.0494282684 1.9741005647
-2.1196433625 -1.8548467291 2.3905265550 -0.3349952406 -3.1232198521
1.6288575474 4.2856674126 -2.1394443370 1.0328659108 1.9234105948
-6.4453940107 -5.7423345694 0.9740306883 1.2434417749 -1.6572578994
-2.3423168366 0.2855845952 2.4125775378 0.1397265240 0.9446774226
-1.5773183001 0.6875024803 -1.0508488387 -1.3650030183 0.3046699008
2.4316724011 -1.8264529095 -0.1426582633 1.4337883242 1.4170368930
-1.7949448225 0.4328122266 -0.8836954508 -0.9487036193 -0.9165412559
1.1534761867 -2.0442568942 0.3468648860 2.2757066095 -0.0111509448
-1.9174853981 0.7199004915 -0.2426686794 -1.1533829157 -1.3239229335
-0.1320852963 -1.5559455604 0.4763947095 0.3553274397 0.0037067290
-0.5063368852 0.5038549856 1.2750622616 0.6053663613 1.0445805712
-1.7885352481 -0.4266300530 1.1512214395 -0.4508708302 -0.9750534767
0.5023466543 0.8307071159 -0.6349048299 -1.1829982790 0.3405346543
1.7443117225 -0.9869886114 -0.4618650278 1.2422658927 -1.0188060646
2.6689180600 1.3813453932 0.1193580684 -0.5955582336 0.0954159634
1.2939967314 1.7151011021 -0.2219177631 -1.0893544982 1.9954934594
-3.1032931475 0.5071232709 -0.4015813819 -0.1702166250 -0.9019013056
2.3058797646 -1.1907785170 -1.4713785318 0.3767350435 -1.6727036311
3.6254624232 0.6337233923 -2.7402094758 0.5666783766 0.6777629287
-1.0795923529 -2.5028694838 0.2150948138 1.0447828331 0.8815254304
-3.0418055042 -1.8145408345 1.5911080214 -1.8581703966 -2.7056911650
3.5580225351 1.7935408985 -1.7981884579 0.1899155075 2.7985974712
-0.7221568508 -0.5882722201 0.3263782137 -0.9640884323 1.4967226881
1.9920531603 -0.1991034826 -3.0131976806 -1.7561131366 1.3449404278
-0.1227563746 -3.3102172740 -3.0684363582 0.1165208294 -0.4030302085
0.6680570976 -1.8375078294 -0.3514509379 0.1236846036 0.7033458422
0.5071010026 0.5698167887 -1.5782936421 -0.2592816115 1.1944588277
0.4437531981 -1.8196192898 -0.5354609120 0.3906710864 0.4235173870
-0.4209551564 -1.1579520449 -0.1617248221 -0.2257337285 1.6347886386
-3.0988012375 0.8512668470 2.2540825077 -0.1707926939 0.4417525622
-0.2263568066 -0.2991182422 -2.2652625106 -1.2816325596 -0.5076631058
1.2083452994 -0.2806726019 -0.7185919792 1.8959583038 1.6731619749
-2.6979014733 -2.7642001137 0.6898539202 0.1066727409 -0.1964892732
-1.6980611793 0.0756360321 1.9228228537 -0.7687459775 -0.8256082617
1.2544368052 2.5266541349 -1.3339285053 -0.4981222789 1.2561661526
-2.4475090715 -2.5091588915 0.5074739519 -1.0795135852 -1.0154697181
2.2517447966 0.7742422130 1.1746848164 1.3676150067 1.6251940019
-2.3948007384 0.2074316538 0.2822727811 -0.0028981717 -0.9490704216
-0.3867475036 0.3088183411 0.2882262458 -1.4094224794 2.4390364395
-0.7678666803 -3.1936332519 0.1109272079 -0.7188631645 -0.3264228328
1.3814046536 1.2336784021 -0.0032165001 1.4730197214 1.6633304330
-3.4710268042 -1.7768658007 2.4626473940 1.2645075915 -1.7498591015
-0.2052997687 1.3515661105 -0.2256662854 0.2900453808 0.6102427537
-1.5879963548 -2.0581642958 -0.5954934170 -1.3703751044 -0.0931709175
