Seed: 20240520
Scale applied to raw B: 0.5318844140
B matrix (post-scale):
0.6444408978 0.3980478687 -0.1773220989 -1.3517887965 -1.5074556841
0.5236868119 -0.4438151133 1.0832412327 -0.5505141675 -0.4884460207
-0.0331389249 -0.6523039240 0.2755574030 0.3368421875 0.4797488687
-0.3015353007 0.2410902604 -0.2798091594 0.0390573083 -0.1565692758
0.0540023957 -0.4245974568 -0.0123454778 -0.8589653560 -0.0949747069
Eigenvalues of B (post-scale):
-0.7196014340  0.0000000000
-0.1084933717  0.6733763409
-0.1084933717 -0.6733763409
 0.8000000000  0.0000000000
 0.5568539662  0.0000000000
